                                data/wing/wing.mtx:              10          3.14622          1.05335
            data/luxembourg_osm/luxembourg_osm.mtx:              10          2.91589          3.22882
                    data/amazon0312/amazon0312.mtx:              10          21.6223          7.12206
                  data/amazon-2008/amazon-2008.mtx:              10          37.8674          5.87312
                    data/web-Google/web-Google.mtx:              10          38.5483          7.96824
                    data/roadNet-PA/roadNet-PA.mtx:              10          21.9676          8.19011
                    data/roadNet-TX/roadNet-TX.mtx:              10          31.9512          8.09355
                  data/belgium_osm/belgium_osm.mtx:              10          15.4248          4.92076
                    data/roadNet-CA/roadNet-CA.mtx:              10          29.9051          5.57499
          data/netherlands_osm/netherlands_osm.mtx:              10          26.0834          7.43206
