                                data/wing/wing.mtx:              10          14.5169           8.5601
            data/luxembourg_osm/luxembourg_osm.mtx:              10          7.05725          1.87835
                    data/amazon0312/amazon0312.mtx:              10          76.6925          29.2666
                  data/amazon-2008/amazon-2008.mtx:              10          114.506          26.1346
                    data/web-Google/web-Google.mtx:              10          176.538          24.6977
                    data/roadNet-PA/roadNet-PA.mtx:              10          47.1321          21.7642
                    data/roadNet-TX/roadNet-TX.mtx:              10          49.1457          22.2934
                  data/belgium_osm/belgium_osm.mtx:              10          50.7772          19.0988
                    data/roadNet-CA/roadNet-CA.mtx:              10          71.1705          17.9415
          data/netherlands_osm/netherlands_osm.mtx:              10          72.6514          11.0814
